2.804639955723870415e+01
6.090374503492641622e+01
5.519594967243601502e+01
2.335683534513477255e+01
3.520122168730934220e+01
3.436335502936923092e+01
3.663257243148596842e+01
4.411504397178894976e+01
1.849147782737610513e+01
5.760077161883241104e+01
4.370245787742008758e+01
3.479101499846511558e+01
2.968655237363377708e+01
2.208497690152619342e+01
3.772084759387881547e+01
6.249093537916051844e+01
1.581888105858307725e+01
3.407874519305970296e+01
2.573807984151160966e+01
3.359839521662648565e+01
3.634946200576710851e+01
2.632361266985769888e+01
2.789489874557498084e+01
5.622899498160979448e+00
3.821000338948154251e+01
3.055594756199643669e+01
6.346158516034147112e+01
2.694048638263162232e+01
2.511231616766251662e+01
4.312215369539477194e+01
3.968367556636040661e+01
5.927140678368350279e+01
4.550790091870702270e+01
9.297713438236474559e+00
2.797832061816881222e+01
1.349014306976782862e+01
1.907248767087599006e+01
1.980072766006925988e+01
2.298767197773530668e+01
2.658546745765018571e+01
3.278588578300205825e+01
3.320484193066197065e+01
4.092875276625299819e+01
3.543344692427494635e+01
2.227568631027184054e+01
4.841413123368089089e+01
3.576302407657503579e+01
1.666056907027077116e+01
2.460960769145195925e+01
3.422343761467389811e+01
3.569550866789874988e+01
3.192070603862179112e+01
2.854876259032976193e+01
4.461058017448276303e+01
6.298570248598902310e+01
2.910573377480686830e+01
2.910409416639065583e+01
4.063125897148727006e+01
2.717975646347479213e+01
4.063637321100866018e+01
3.986714251321670588e+01
2.634814199801214230e+01
4.469165018259040778e+01
3.643159169062566605e+01
6.519538193054434316e+01
3.845912947659279268e+01
2.655059655232604499e+01
3.619184920613194834e+01
4.001412283153523219e+01
4.937162212226151325e+01
2.891017626133508500e+01
2.794556185368945833e+01
1.969023606334319609e+01
2.260232166224709616e+01
3.317857554347448001e+01
2.579572391292789035e+00
1.855338326697129858e+01
3.591926283296534450e+01
3.894610770388531762e+01
5.541710324908409291e+01
2.817464986417595085e+01
1.815354346771347949e+01
2.679956491683386233e+01
2.469284303015580306e+01
5.256988742742122156e+01
4.195301781775081906e+01
3.382374827961648123e+01
7.094261282612448838e+01
2.128893023420134867e+01
3.767690525950850144e+01
7.193020361802986429e+01
2.419713674314686003e+01
4.997809592888391705e+01
3.203811496301260320e+01
2.669237151392006879e+01
3.148240281370219762e+01
6.380952145007195497e+01
6.769298753887095188e+01
2.404289405758838782e+01
6.260398192106226389e+00
2.315250609275053151e+01
6.207844177029441823e+01
4.116390103523467303e+01
2.852445000177953105e+01
2.627092108640782797e+01
4.564905325475744746e+01
3.725119228856588904e+01
3.467548982716981243e+01
3.313655962604816807e+01
6.280339993974951796e+00
3.170095194552208184e+01
2.807342541894802324e+01
6.285682146716670360e+00
2.187976214776897521e+01
2.569670078637169652e+01
2.149198960452649843e+01
3.661912753077039895e+01
3.230717122609489422e+01
7.458072246784997361e+00
4.393446480810121102e+01
4.408011309133080147e+01
4.595817296791408069e+01
2.808841456661791725e+01
4.148151503500507431e+01
2.524128704425972458e+01
3.129396300546084220e+01
4.123523474999073812e+01
3.174502889918629833e+01
2.726777259865936642e+01
2.322301921414548431e+01
4.587094359680996547e+01
2.717549753074728258e+01
5.627645971586677831e+01
7.287815084949899358e+01
3.697072957523026560e+01
2.803125880883714061e+01
3.731084748948335061e+01
4.694744186039856970e+01
2.291989268840419314e+01
3.855984162648140057e+01
2.193986781444826661e+01
1.415087775176478502e+01
3.101703408273987250e+01
2.646454043230783171e+01
2.979124657523560771e+01
4.837000294695247504e+00
3.851129114486990090e+01
3.317514987338797994e+01
4.305662254032016278e+01
5.364747429772585008e+01
3.266944865972963896e+01
3.439047148984251123e+01
3.114073575881996092e+01
2.967140713651260242e+01
3.726550255935522671e+01
4.572462280649891397e+01
7.064262212593330048e+01
3.192522746114163468e+01
4.105559675044092671e+01
7.324140675292561298e+01
1.638566621673961166e+01
3.892102012475554318e+01
5.694765714315057892e+01
5.786247538835384319e+01
2.935453668806832539e+01
6.188913008388321657e+01
6.598342381364834353e+01
4.039416706705848981e+01
3.153726771202126500e+01
6.519786543265347234e+01
2.336372364089281817e+01
3.541934769161592556e+01
2.464116271596033769e+01
3.777413525174726772e+01
4.930040867166955820e+01
1.738143022475113142e+01
5.628776060408164028e+01
2.255426866973543909e+01
1.434460508245068766e+01
6.309024875705791402e+00
2.870736014660271351e+01
5.622745429404891127e+01
4.310895907914355973e+01
3.357662859585546755e+01
2.820271635269007859e+01
3.863736018120651750e+01
4.923887554474713113e+01
-2.382170458570946892e-01
3.099393120507521715e+01
3.689329589930456166e+01
2.407001708709198695e+01
2.182761651176453555e+01
4.108888544585640545e+01
7.527651406243451504e+01
4.244570013809691034e+01
7.332146290748038098e+01
3.319008888347789821e+01
5.657422434034434389e+01
3.354902634964140873e+01
2.960410747973076084e+01
4.747918432608769024e+01
2.718856352539198795e+01
2.456718276581095850e+01
3.320187183954764976e+01
3.180319372406576761e+01
2.095447173335184132e+01
2.915214193438560031e+01
1.845641219867697558e+01
1.332663248313933835e+01
2.352377746246473933e+01
1.941698736700948658e+01
3.665236172848497631e+01
3.008395834897764942e+01
3.043545618007208375e+01
4.268579674999703855e+01
3.970745496958402043e+01
4.224433975325398194e+01
4.602935063654147996e+01
3.180663569007875324e+01
1.948433603034873229e+01
2.178107033923545899e+01
4.410927586434864622e+01
3.277489942667109801e+01
3.411115841032123797e+01
2.699190873214398678e+01
3.839816354135696486e+01
3.004793159325207696e+01
2.125616634641717795e+01
5.844605364190105945e+01
3.566202807551785270e+01
3.073897158954374120e+01
3.162708237202990702e+01
3.142302969705359672e+01
2.489643153715256929e+01
2.151321735775916366e+01
3.389264562809732695e+01
3.853280348185943183e+01
2.859054815682678807e+01
2.453559930952873813e+01
3.721894851409108185e+01
2.492043252053558788e+01
2.166510669107812603e+01
4.598629887107621528e+01
2.562934378367167554e+01
2.729461089279029196e+01
3.903422855499972854e+01
2.799647030092187450e+01
4.149241854163282994e+01
4.117125241027416394e+01
2.719441606654159571e+01
3.927563413814955595e+01
2.099944165640572535e+01
2.187246281757991895e+01
5.868638159716071812e+01
3.971570752712197816e+01
2.576254679449643348e+01
3.851485393087584441e+01
1.902528276863383283e+01
3.357777552747624839e+01
2.929518400489262220e+01
1.994878949872459728e+01
3.654358878074769734e+01
4.009511171656895101e+01
3.194140729206914742e+01
2.125685986828664298e+01
3.877736814012256161e+01
2.424690301415155957e+01
5.566957090776638495e+01
5.936255920475743153e+01
6.238129779846256895e+01
2.908125494588943027e+01
2.884285477103354722e+01
3.701447018807100164e+01
1.499361834153386397e+01
3.806360057681779097e+01
6.813408553129011835e+00
2.694916445594332188e+01
3.305332415689876768e+01
5.208929801730322140e+01
2.273515011230712801e+01
4.285206666712493018e+01
5.358272873966335226e+01
2.980156132565712213e+01
7.217876521660901545e+00
3.939217514956179400e+01
2.953907167619194141e+01
2.690999468743685341e+01
3.828343297027508640e+01
6.797926335607910175e+01
3.767974399939326702e+01
3.715260357840678296e+01
4.049975053202102515e+01
4.746772957172110807e+01
2.363045146833413312e+01
2.799822433186684023e+01
5.572461613680466996e+01
3.528647088889663053e+01
3.810148012441634080e+01
3.010604781058986035e+01
1.597030028758762299e+01
2.553516627956866003e+01
4.022040484543647665e+01
3.824812695898647519e+01
3.791133349333925651e+01
2.901905564925094794e+01
4.745013309147786629e+01
3.294126126388316322e+01
2.515026112154702176e+01
4.238005650732121410e+01
2.910620161486450641e+01
2.279449225619184816e+01
3.270433312902119383e+01
5.521033431333107444e+01
5.710936494161448707e+01
3.107284231981684641e+01
2.838870947197039030e+01
2.526986331729675683e+01
3.825269128680126585e+01
5.045092383335507691e+01
6.646503295108648501e+01
2.402611194320120447e+01
2.316201925038471998e+01
8.860255732449235921e+00
3.841286875057996042e+01
4.713888652340902752e+01
2.959760190853431894e+01
7.805407792430217739e+01
5.107687019350861135e+01
4.062948345097173330e+01
3.334295379628450462e+01
3.021742354582669421e+01
6.379701047050689056e+01
4.585984016420074738e+01
4.477195059996579118e+01
6.306646268858155224e+01
4.195905034674653677e+01
5.483387522042396256e+01
3.011071770098859091e+01
5.367326252604850367e+01
6.324668394008669736e+01
2.705238909793128599e+01
2.417149928380245072e+01
4.394730878541837171e+01
3.311811488310227958e+01
3.338342961676353582e+01
3.119089538600865197e+01
2.370457404173065541e+01
6.107509523045915500e+01
2.910629635745049271e+01
3.310124993558279982e+01
4.589702724075719686e+01
1.847529418676252888e+01
3.375964964829118742e+01
4.496359496993942173e+01
2.374985224673817541e+01
2.507525035239153866e+01
2.917538420891499484e+01
7.529485184017847388e+00
3.827901963860351486e+01
4.338902841149665335e+01
3.541181292267559400e+01
4.128769378261249301e+01
2.275591177489609507e+01
4.219576502519593930e+01
3.627601101910640580e+01
2.290756517718257967e+01
5.840708895388409871e+01
2.199772140031702250e+01
2.849927080195793749e+01
5.866909992833738841e+01
1.909535001955298483e+01
4.863830601901541684e+01
2.140915111026341222e+01
2.729393100574127473e+01
4.145703053657076254e+00
3.746853533817896675e+01
2.823182419898045126e+01
3.506438057131872199e+01
2.241517575464392920e+01
4.073371685822571919e+01
2.608777996473894589e+01
2.650828770484638497e+01
1.524196237878890159e+01
2.597878361573662076e+01
4.679031681425389877e+01
6.522942403213487239e+01
5.381421023385853175e+01
4.087066955859914685e+01
4.551696614121890150e+01
2.171841200806470695e+01
3.699565805209120128e+01
2.789379689599501333e+01
2.515125684969290276e+01
3.036929530062129245e+01
5.748667492096059561e+01
5.462880900317111355e+01
4.269849291664051805e+01
2.122490102051533611e+01
2.992966300614593322e+01
3.794844093504532623e+01
4.687244046375290907e+01
4.620206564627441992e+01
4.215425680215808768e+01
3.401192655985447288e+01
3.000810730664257520e+01
1.882041502210539718e+01
3.725361483628914527e+01
6.052603534798309681e+01
2.420635570438522066e+01
3.124711678458503528e+01
3.926717359502730176e+01
4.025406782184062138e+01
3.822556566864942340e+01
4.461549822492172268e+01
2.199182534553681378e+01
2.690633628577298353e+01
3.019569332325295719e+01
3.043408083807991105e+01
3.374360745935986472e+01
2.753503914639181360e+01
1.790058997359971116e+01
2.137328225587963360e+01
1.823986577925221653e+01
4.286607652413032099e+01
4.693963923844943054e+01
2.708905648315583292e+01
3.379485507398815969e+01
1.887306579163459119e+01
1.604198875281567283e+01
3.384117990291171907e+01
2.512100104842214776e+01
5.513341614558781600e+01
3.343792081138717265e+01
1.670748310094858269e+01
4.724025438993236037e+01
3.222704307613941666e+00
3.217290662566192339e+01
6.594801967342702653e+01
2.663047579042806845e+01
2.432305318453048315e+01
3.132351672076736193e+01
2.792356675178523417e+01
1.798587745721453146e+01
2.104657511877853793e+01
4.104343098970541348e+01
2.737669798167410207e+01
5.205236081422007999e+01
1.471374534872181883e+01
3.092655021797587622e+01
3.516120455730963101e+01
4.003890123665188128e+01
4.401979444905815342e+01
2.145177290863985675e+01
6.667488516810242061e+01
2.266816515324284254e+01
4.194496121219587792e+01
3.183011939683563085e+01
2.597617999579084724e+01
2.166093771872197138e+01
3.220873900225312525e+01
2.738168531230410352e+01
2.304791473307701111e+01
3.660504082364762724e+01
6.888699805593499548e+01
4.027829574008613633e+01
4.879619993062748051e+01
2.563557245431484333e+01
3.107609164554087400e+01
4.831875511500014397e+01
5.866262378454227644e+01
6.908571978295530869e+01
4.231962579171975847e+01
4.408168549373304757e+01
1.567290575099677952e+01
4.982317530449135745e+01
5.332818423686056519e+01
2.117779000048951232e+01
3.113216048115693368e+01
1.489382305339576718e+01
2.986984846244819281e+01
4.493796062780340606e+01
4.981937349234105739e+01
4.802739504137484516e+01
2.045311395727673087e+01
7.537091189627865617e+01
5.001088523868368441e+01
3.045524096268734482e+01
2.301578170706422455e+01
1.096737857935922378e+01
4.319847610260738691e+01
2.925535999246783447e+01
2.876050393152890550e+01
4.776662625492365066e+01
4.393112395236367718e+01
3.657309339596712050e+01
2.734554489722471615e+01
3.967944533043622357e+01
2.820653803967637785e+01
2.748906353685784509e+01
3.737371821326921406e+01
