2.793677037016764331e+01
7.470438636903274698e+01
5.029179325172291470e+01
2.185496297943049626e+01
3.386407031617347485e+01
3.070529601708341971e+01
3.323154024535788409e+01
4.216661377565419144e+01
2.172478535052302817e+01
5.327748321275902299e+01
4.448749080866548411e+01
3.445409794244056911e+01
3.417270018813927379e+01
3.014893962759581569e+01
3.791973977693088926e+01
6.107898108419521321e+01
1.784445641890436463e+01
3.460207776707837724e+01
2.567765199130890963e+01
3.220349710163454660e+01
3.207029960083244191e+01
2.838011565172347517e+01
2.254158750945482836e+01
9.354759782511699484e+00
3.415191135732650451e+01
2.389190109843237053e+01
5.151158693904335450e+01
2.305509981897622396e+01
1.925466832311710164e+01
3.732625077696265947e+01
4.430064923655724130e+01
6.471045573522368954e+01
3.549943890179775252e+01
1.366744440379538084e+01
2.638896755587820664e+01
1.698381021333138818e+01
2.458875563837890610e+01
2.137554379316661013e+01
2.513142577626327778e+01
2.257260128677748412e+01
2.711013483071084096e+01
3.382399117332703042e+01
4.293213414306648446e+01
2.901870011178405662e+01
2.828354925167644751e+01
4.686593727508060425e+01
4.305963107892944919e+01
2.347280427169191341e+01
1.992744027618300606e+01
3.366294607483110468e+01
3.541364806625126249e+01
2.894532208918192140e+01
2.790516044151183905e+01
3.681212967986127893e+01
5.287830092019324724e+01
3.938215427276602298e+01
3.046522022451624423e+01
5.214646617716343968e+01
2.619466921040275764e+01
3.827386932466310299e+01
4.072249513861974179e+01
2.484985801964917584e+01
4.492568203066326760e+01
3.744765279220023046e+01
4.495623384485686813e+01
3.905640459427386446e+01
3.043809421462616882e+01
3.056543789541849776e+01
4.709494118243833327e+01
4.251059630718628313e+01
2.821119533106472232e+01
2.707341513367852315e+01
2.398184372916474416e+01
2.441380965676898285e+01
3.322113576813695346e+01
1.906260930402977172e+00
2.378289018809056543e+01
2.496797032846687259e+01
2.957714530457027635e+01
5.153623990575410119e+01
2.859256125265739712e+01
2.220025184120551742e+01
3.189487623806210337e+01
2.466096723288707793e+01
4.354946429840466493e+01
4.125221819384080391e+01
3.585720542308316539e+01
5.717206592770727269e+01
3.265066661161644390e+01
3.292336149133751633e+01
5.341880957646556993e+01
2.029648570485793613e+01
4.123088743615949170e+01
3.643830888943576696e+01
2.470649430646857780e+01
2.743456205032029871e+01
4.229051347141297867e+01
6.787754406898012860e+01
2.548229979118131894e+01
9.210299840285504303e+00
2.666842646064404221e+01
5.553095591725897151e+01
4.600675045995335921e+01
2.982781027704636756e+01
3.140117000144651627e+01
4.754923036789983115e+01
3.264486172140959042e+01
2.763392574870650265e+01
3.362649980139016037e+01
1.381391238212674288e+01
2.406205314142350460e+01
3.301145760287319320e+01
5.334701693757961216e+00
3.410067292271973116e+01
2.438430851457513882e+01
1.938714472020214430e+01
3.770534584441256953e+01
3.187461544692768456e+01
1.478778986668891804e+01
4.069374435582231087e+01
3.974834205632874529e+01
3.955846130316454889e+01
2.246936320778287666e+01
4.717332088974149684e+01
2.781827607267018720e+01
3.530158537333441870e+01
4.567764519209250551e+01
3.074358999804174886e+01
3.024101295676714329e+01
2.830190436909892782e+01
4.158502355404367989e+01
2.804593706233009698e+01
5.546259811511828985e+01
6.825782315041892900e+01
3.511121181360103094e+01
2.733492386542698682e+01
3.785626093639253753e+01
3.638054589317225407e+01
2.265164936926202444e+01
3.318660797363077819e+01
2.484096067193486590e+01
1.636933947561401226e+01
2.846366325003706166e+01
2.833138171499670932e+01
2.541466726790258690e+01
1.169790966658987941e+01
3.765897237050981516e+01
2.868914671084641199e+01
3.764836886998853771e+01
5.135982797377511844e+01
3.072913330721374336e+01
3.121604186292891114e+01
2.964126392025606194e+01
2.465717402170294648e+01
3.895319017062370648e+01
3.767070743975092029e+01
6.514266557575717798e+01
2.980649112283620283e+01
4.153921268813702028e+01
6.297377901802574485e+01
2.014899446100824321e+01
3.775017183260397502e+01
5.323855819956822444e+01
4.994246698471784640e+01
2.069375453600673609e+01
4.819818381811477792e+01
7.626784984237207254e+01
3.909297243635271002e+01
2.968372337377285675e+01
7.300548199208738254e+01
2.117031950387978156e+01
2.305924227149122885e+01
2.127547705762784602e+01
3.631639028463882113e+01
4.440191119771940009e+01
2.251794247076245981e+01
5.458579609063318117e+01
2.393313373460079418e+01
1.769631859122441853e+01
8.719178274248708505e+00
3.007650632993223638e+01
6.077317802139687331e+01
4.125646660668574128e+01
3.218173850956571158e+01
2.686906906024602293e+01
3.775857130409290363e+01
4.189070727817696849e+01
9.534934647855827450e+00
2.709382176857876345e+01
4.056842759481157401e+01
2.809470924431050065e+01
2.549197813704957838e+01
3.660820252885523018e+01
7.596955303476086385e+01
4.972212616015873010e+01
6.274738696780047320e+01
2.751976149769330959e+01
5.086299511354207681e+01
2.850163890692964941e+01
2.720245338152353298e+01
4.163530842875479010e+01
3.185586217563644595e+01
2.750188536634543368e+01
2.917992404467659284e+01
2.686346589601254209e+01
1.805956625052737508e+01
2.935828510298046012e+01
1.988829961375891386e+01
2.388304179753318834e+01
2.740799043472205909e+01
2.297488762877492263e+01
2.986817604175205076e+01
3.961469195238764485e+01
2.551363231521304087e+01
4.377468626787320005e+01
3.605329507293028968e+01
4.062279339395262667e+01
4.681360117778361740e+01
2.959071650818757959e+01
2.488823865911351518e+01
1.832921928340343953e+01
4.458272431437698202e+01
3.534160871701920570e+01
3.734537841264511115e+01
2.948460981190420682e+01
3.324692048392861210e+01
3.629128744690345343e+01
2.387102464483908193e+01
5.504475988195397917e+01
3.699208618610713728e+01
2.851024846931269607e+01
3.051293585079472592e+01
3.258938385880193067e+01
2.603314818175505607e+01
2.058461814990267413e+01
3.587739198446450217e+01
3.666911788903065883e+01
3.089931107732684268e+01
2.740843250555158761e+01
4.064751956983435122e+01
3.105241365687449928e+01
1.676173304967429445e+01
3.860896050273962743e+01
2.583784327918202450e+01
2.472815965532100790e+01
3.893325792424504073e+01
3.207074979724767161e+01
3.988353808553025459e+01
3.484813920942813326e+01
2.345224918353483901e+01
3.056519188504177720e+01
1.901653286507967522e+01
2.505028350640436940e+01
5.285773416152272830e+01
3.666044696033136319e+01
2.639724468001420377e+01
3.541165363225193374e+01
1.827847673355500291e+01
3.491519254365715597e+01
3.032795254579131239e+01
2.431333645710122937e+01
3.623511423095195028e+01
3.255959675879098114e+01
2.635324282457811051e+01
2.639272456038034420e+01
4.105535107467728295e+01
2.236207339143026473e+01
5.413855528667654227e+01
4.322031672324025209e+01
5.453582043211674346e+01
2.527039522990086340e+01
2.861979312136251252e+01
3.960313334714832934e+01
2.290463673328109451e+01
3.927752491280377001e+01
4.776953290249426054e+00
2.891177224035580551e+01
3.213555876401238010e+01
5.353491889804988801e+01
2.447160502513102642e+01
3.294988358140589213e+01
4.647875922347648725e+01
2.885621416254691951e+01
2.384521882744150112e+00
3.513581719463056174e+01
2.634561241605975468e+01
2.334514308083594614e+01
2.996179581162239458e+01
6.737409157469190291e+01
4.134355500432703678e+01
2.814353685567261110e+01
3.456920181340075970e+01
4.124414377878073878e+01
3.059128666884666359e+01
2.402157188979417413e+01
4.620986797239954313e+01
3.787215174821425023e+01
4.262581230433698209e+01
2.797959645355931357e+01
1.960912144748704833e+01
2.399599918779246721e+01
3.711195873367515929e+01
3.660318390672581046e+01
3.407889466635635500e+01
2.451317552286776191e+01
4.611463711761587803e+01
2.998449200485714883e+01
2.894190411246962924e+01
3.839697038444472099e+01
2.811642720344132940e+01
2.353284881494266045e+01
2.983243910284195621e+01
4.450639724804157282e+01
5.677797269184465989e+01
2.732601090834041813e+01
3.015493837642848263e+01
2.317880169348890718e+01
3.140909055099120906e+01
5.780946630657079766e+01
6.589291236756217529e+01
2.970361948249986739e+01
2.835881610984998957e+01
8.518489276033104574e+00
3.375148480087888458e+01
4.094983718344325752e+01
2.669096706443460931e+01
8.317389505222685386e+01
5.490409047418739164e+01
3.461761943516804507e+01
3.315132929665141148e+01
3.318834912439236007e+01
6.407802869322394201e+01
4.455200689459228158e+01
4.128242647420641021e+01
4.860790508099552909e+01
4.573813735888175103e+01
5.102973774472297208e+01
2.883701625674472524e+01
4.351881760281877831e+01
6.463145270359920858e+01
3.044660772226838219e+01
2.977418871602703021e+01
4.338823124095643635e+01
3.238877859860865982e+01
2.730076593678870012e+01
2.750560855855131948e+01
2.035594192935745639e+01
5.708443534229701299e+01
2.965525114110003102e+01
3.251717112805981458e+01
4.340413748471173960e+01
2.213963187395378895e+01
3.398243056299947540e+01
4.015115792145458329e+01
3.160279397065828988e+01
2.378573495485041178e+01
2.441447797444598677e+01
-4.947252808692462089e+00
3.232220175327939415e+01
4.369523335069627734e+01
2.570421827772149470e+01
3.339657351604815005e+01
2.786905988154152425e+01
3.575378878343457956e+01
4.137851000974011839e+01
2.407552580039019574e+01
4.495799813498573627e+01
2.738381093941214317e+01
2.741246110142748194e+01
4.842681085689749665e+01
1.689739638199132798e+01
3.868110264915533492e+01
1.809253537486074848e+01
2.845090448082264345e+01
7.799026967194053306e+00
3.417014386708537899e+01
2.843879053298999082e+01
3.675216863413435675e+01
2.470107317049027884e+01
4.430616751986126900e+01
2.368122401622184015e+01
2.922173655283778260e+01
1.853161512443121950e+01
2.144731952749155823e+01
4.383056132518969861e+01
7.291762816481897858e+01
5.607455534504946826e+01
2.955212384544879001e+01
4.930667947283823338e+01
2.472710796171114467e+01
2.919788948713773635e+01
2.703917353536670021e+01
2.150532035786877216e+01
2.604453026714781316e+01
5.092803875805675062e+01
4.486058579753370879e+01
3.021232702894304367e+01
1.998684603855465625e+01
2.484206183828048609e+01
2.732313694917651503e+01
4.134862504468353706e+01
3.794222725657954953e+01
4.159412228681381407e+01
3.461574841901941824e+01
3.213239990142610480e+01
2.388374519136447560e+01
2.801054640430439946e+01
6.147183539060139168e+01
3.106695082195487601e+01
3.330724804060243827e+01
4.079495355641923737e+01
5.184602079027164478e+01
3.454846603068225619e+01
3.792217603973093532e+01
2.215971041075037107e+01
3.148661785405828084e+01
2.544173991518391631e+01
3.518394649153884757e+01
2.892436879043896170e+01
3.060551474363232671e+01
2.700585786499996033e+01
2.004207369853945409e+01
1.958022646647447118e+01
4.435014326345643809e+01
4.127728005825938595e+01
2.493753565906765601e+01
3.267422726011488976e+01
2.005860994017028531e+01
2.001762884199155224e+01
3.155316478828283522e+01
2.472077002524593681e+01
5.946029475460033353e+01
3.693005799359998065e+01
1.949814364281374424e+01
6.008533572863395733e+01
5.662745982869315853e+00
3.852011160812482871e+01
5.804110608179122011e+01
2.358180747585443271e+01
2.626144652946128133e+01
3.168296480996351505e+01
2.719909162341339481e+01
1.784216450168935708e+01
2.761567927600075478e+01
3.495244469498753404e+01
2.658585907096765055e+01
4.447263970508759456e+01
1.641973486478498145e+01
3.060177267637151033e+01
3.339508311049504385e+01
3.504166112054427629e+01
4.051622436467328470e+01
1.944220347522136194e+01
6.598921904313232289e+01
2.622087060355692856e+01
3.541044473046473939e+01
2.041125804851741776e+01
3.382027860343496428e+01
2.045189115664418011e+01
3.124677374302219590e+01
2.257068486961067322e+01
2.392578059068920737e+01
4.098800867477528698e+01
6.872765507496266935e+01
4.036987955988694665e+01
3.864348170527104998e+01
2.340668311191659967e+01
3.193052153219075251e+01
5.461566921847774125e+01
5.266419636693677830e+01
8.391027246856154420e+01
3.544172294556636160e+01
4.562874326909790312e+01
1.978673627902123400e+01
4.548764950872019597e+01
5.195213235237896754e+01
2.078962947386580851e+01
2.914154951191220988e+01
1.203624306608234917e+01
3.069642831869577293e+01
4.267743418365757435e+01
3.867416863755754974e+01
4.964340310990305483e+01
1.681826374950759373e+01
6.824852849579202996e+01
3.851017561265712175e+01
2.946502456854820906e+01
2.377090773880104990e+01
1.352062709462869527e+01
4.319128125774665961e+01
2.782479232160680382e+01
2.456179620492739701e+01
3.911790865799837036e+01
3.881842730439174716e+01
3.557687732340134090e+01
2.908164257520466123e+01
3.812639350085783718e+01
3.148025450462249353e+01
2.471887578639758587e+01
3.704388204891601077e+01
