2.727795740162546068e+01
7.407863378352209338e+01
4.788003490844673138e+01
2.234748171137862371e+01
3.455597052081193254e+01
3.223234852398444872e+01
3.493429318631559966e+01
4.210987710530224604e+01
2.212293436419424708e+01
5.487031089620694502e+01
4.409334102816534084e+01
3.515873975947837948e+01
3.369861377477832320e+01
2.948782315403780174e+01
3.744291908063920715e+01
6.236032402790593920e+01
1.775595152827551360e+01
3.614401332872706973e+01
2.640960355507718660e+01
3.325413913720899473e+01
3.233074973685561559e+01
2.942079330024418127e+01
2.380306674153093383e+01
8.554629118159619239e+00
3.614529663462832332e+01
2.337409955680965012e+01
5.554879217359949450e+01
2.216085458059378865e+01
1.835319012174822362e+01
3.928338751923452321e+01
4.374914594495403719e+01
6.437744188518942678e+01
3.505077481541682261e+01
1.337551775546885224e+01
2.662827155052436368e+01
1.462090709175653203e+01
2.434808927081401109e+01
2.216468401509896324e+01
2.410918198204191043e+01
2.138615345847765425e+01
2.618457950732901551e+01
3.233778993250187739e+01
4.228239988764687496e+01
3.000934640529978026e+01
2.773724390993772104e+01
4.863495882081399913e+01
4.234124367416421819e+01
2.403223211572833762e+01
2.005726553274414314e+01
3.462813710275432300e+01
3.605013715682355269e+01
2.829762758606656448e+01
2.749598566205206751e+01
3.736736614137906543e+01
5.554959200791091689e+01
3.918535585955818590e+01
3.024456290529366598e+01
5.210905216506435522e+01
2.659608974044737550e+01
3.848352280288648330e+01
4.224202177883092446e+01
2.475198703908574771e+01
4.435477747607974663e+01
3.797752634746030509e+01
4.849170148716275719e+01
3.950284068640243618e+01
3.071614563482884819e+01
3.139587469285520527e+01
4.770063409057969750e+01
4.416986448249335240e+01
2.836797779075977388e+01
2.713066780759110230e+01
2.330516213717036678e+01
2.401785892682974932e+01
3.219283884255212769e+01
3.126128972019706520e+00
2.374062874294155989e+01
2.714394254482735747e+01
2.944686779860606052e+01
5.386228768804566158e+01
2.909537067970858359e+01
2.297786793603058086e+01
3.272721863300122891e+01
2.409239497614130343e+01
4.326642300978743805e+01
4.107930527701934409e+01
3.720157885577960144e+01
5.752360466162802055e+01
3.338067917789501138e+01
3.240345718792751484e+01
5.417464864839146088e+01
2.073882380995361174e+01
4.191977811390018616e+01
3.766999496994878882e+01
2.468676088605501207e+01
2.790780176315906402e+01
4.615360412544183077e+01
6.784747700897112566e+01
2.601505567760913351e+01
1.029581305767460009e+01
2.781636697831792659e+01
5.504591804994308291e+01
4.386536450126058639e+01
2.983298654473708567e+01
3.206953771173323275e+01
4.631320097504425348e+01
3.398110559825563826e+01
2.793191351607469741e+01
3.450867555473162440e+01
1.351103195106885480e+01
2.423954169411159043e+01
3.287910188709109605e+01
5.310081806071897503e+00
3.381571767744279811e+01
2.483861605886226798e+01
1.906694038570185867e+01
3.773407346056499279e+01
3.115530225952658583e+01
1.386801187786365119e+01
4.417286152922795850e+01
4.176586364465826762e+01
4.129470169163045057e+01
2.267411668570398220e+01
4.629955320293888121e+01
2.830025575854437037e+01
3.657575771279278598e+01
4.568472838774041378e+01
3.185469234966641139e+01
3.064146953054184763e+01
2.705594943898986671e+01
4.307618393872945006e+01
2.793443972984114154e+01
5.424918534844222506e+01
6.708760969729713963e+01
3.533672408767053952e+01
2.769436195235491383e+01
3.815516089380770381e+01
3.845664833903587976e+01
2.278808779665768469e+01
3.488223706969957050e+01
2.534876464961132925e+01
1.425973892276799049e+01
2.881473910053304621e+01
2.814321742966764717e+01
2.523114146936940116e+01
1.136240386541237868e+01
3.773683295927398262e+01
2.922567328284128862e+01
3.993767332145286986e+01
5.254982328829797211e+01
3.170101310187119381e+01
3.196567750459061941e+01
3.054585395587792007e+01
2.441715587515295383e+01
3.868749048114770517e+01
3.936925005403126931e+01
6.603115553615472777e+01
3.064319421912419728e+01
4.324560880711955235e+01
6.450743765403547059e+01
1.993939589938010926e+01
3.835117363163085713e+01
5.481510229660725031e+01
5.154928487923049829e+01
2.085671405662943201e+01
5.181973996932296700e+01
7.478176163651211539e+01
3.849955976086854292e+01
3.043271318350810262e+01
6.950123426136711657e+01
2.080288212345297083e+01
2.211180228994735941e+01
2.049670125017849998e+01
3.753559600516742734e+01
4.519695682624737287e+01
2.259068826775795458e+01
5.595615865569851621e+01
2.338637899626669991e+01
1.880589063518486981e+01
7.021870163063404391e+00
3.072434469323249218e+01
6.257926058045569562e+01
3.939995350781651950e+01
3.146142722694932914e+01
2.610699789997783782e+01
3.914932405452584163e+01
4.161619522596456022e+01
9.312980972877333841e+00
2.675098773780033312e+01
4.137541403876084445e+01
2.776727460441069795e+01
2.529153165988295981e+01
3.748771140651930978e+01
7.330617585530758618e+01
4.706073721322317738e+01
6.238281222950756444e+01
2.827774374578641670e+01
5.171994232595442043e+01
2.922399152361318997e+01
2.772056429061737504e+01
4.243811924858086115e+01
3.162941532496104102e+01
2.749645961376583614e+01
2.928028011635007744e+01
2.715291747518615395e+01
1.849799758980758568e+01
2.926885349556913241e+01
1.945117832843780903e+01
2.464973602362688965e+01
2.726616336230497240e+01
2.436671486298061140e+01
3.104704945148724704e+01
3.993118992405652534e+01
2.574640113026345389e+01
4.310996721205316362e+01
3.557467710468125688e+01
4.072208498959774658e+01
4.698537716576461065e+01
2.982947499748462050e+01
2.449086343878811434e+01
1.801318149657144474e+01
4.412901522532823861e+01
3.588850309891222423e+01
3.831009496209112086e+01
3.062636234887515840e+01
3.545048645050889036e+01
3.597249710747429674e+01
2.445551670422695167e+01
5.724009692326727361e+01
3.827637267185474457e+01
2.924988379688432971e+01
2.984319342622055160e+01
3.321641552959764709e+01
2.591114179917684268e+01
2.104858954087737644e+01
3.786932492760013247e+01
3.743273137339552648e+01
3.062680660119371723e+01
2.676792321265241625e+01
4.069274833786209911e+01
3.148690777536588215e+01
1.639541429960979713e+01
3.962547499019684949e+01
2.590052246564382799e+01
2.432146029533398846e+01
3.925207360318607641e+01
3.335596619538495844e+01
4.011233568709263864e+01
3.524042238917541425e+01
2.412729505887723391e+01
3.147605037346427892e+01
1.880581005750135759e+01
2.467922715553534019e+01
5.243564339351733139e+01
3.797509950791977928e+01
2.622782664007099385e+01
3.546354533442895729e+01
1.691947111551010252e+01
3.478989235261450830e+01
3.189734123304415192e+01
2.413841544806248152e+01
3.736531984413150553e+01
3.389649729099878783e+01
2.600231880747542235e+01
2.606434788081466891e+01
3.984445685372121204e+01
2.227357374466816253e+01
5.451437677914181279e+01
4.670964622211360506e+01
5.687835276092075532e+01
2.583190507256239243e+01
2.841971711690494473e+01
4.014647643263909771e+01
2.235193693779350355e+01
3.988274022954740161e+01
7.682850331961187607e+00
2.789340510240615245e+01
3.278920970041135519e+01
5.511747274282597431e+01
2.510115972909465754e+01
3.536712960400571859e+01
4.854310205993795080e+01
2.902029190665978930e+01
4.981517866994085608e+00
3.572787875356883092e+01
2.591393818181553499e+01
2.221287189623773983e+01
2.994540508085241726e+01
6.690064749392867327e+01
4.080448891763255403e+01
2.951006680819942929e+01
3.653439548001468040e+01
4.161804329449062578e+01
3.007124196605058231e+01
2.444449319679795352e+01
4.763186226462499917e+01
3.753765392643556709e+01
4.015065273053036776e+01
2.767139211295952350e+01
1.920239804298494235e+01
2.387942802402418252e+01
3.955868976979479612e+01
3.888078908505607245e+01
3.345530438960671660e+01
2.500289727201480261e+01
4.417017185099142296e+01
2.988596319528562972e+01
2.872327498648554567e+01
3.861233212067809717e+01
2.719029043987859495e+01
2.230749465566503886e+01
3.026418738814790999e+01
4.573620647414446694e+01
5.495842153126372409e+01
2.708719849992602846e+01
3.029502193897599582e+01
2.260812437340369385e+01
3.183431899111021934e+01
5.680872307259248544e+01
6.571024360087126581e+01
2.948923132071516306e+01
2.790131393483739330e+01
7.136254019069188104e+00
3.443253967753936706e+01
4.267070489493804075e+01
2.686466626102597743e+01
7.883797962659612324e+01
5.429798082516066415e+01
3.600369048182444942e+01
3.362655485734032368e+01
3.360141468923546881e+01
6.305107979271599561e+01
4.307367808155029820e+01
4.024602620065763858e+01
5.275457044885172309e+01
4.656787917990078540e+01
5.136532976322040156e+01
2.869923690943721439e+01
4.216159709821050683e+01
6.394696858732930878e+01
2.927792983440837915e+01
2.970699786929014508e+01
4.281873004637158431e+01
3.320676865636354336e+01
2.650300191136796357e+01
2.794976410490311025e+01
1.960299020403786940e+01
5.784970612431881420e+01
2.961963086108054100e+01
3.308971814064715034e+01
4.455705354974638510e+01
2.115109775023276129e+01
3.369009395880974722e+01
4.139559610870372808e+01
3.204996804838814484e+01
2.370050241030461891e+01
2.480233615391525959e+01
-5.682628259765721168e+00
3.338634165537370535e+01
4.491864119807021893e+01
2.577662427879636553e+01
3.390284245127686802e+01
2.872070013160165658e+01
3.694934815358048041e+01
4.073497980989086642e+01
2.426290385115663284e+01
4.855992732545685442e+01
2.786929438345939403e+01
2.806457175589170916e+01
5.112246572980335202e+01
1.639452614864365287e+01
3.819637543084456865e+01
1.787399979420807838e+01
2.820343467586151931e+01
5.006119551229819109e+00
3.344461654935402350e+01
3.021073600129841097e+01
3.686341501274674215e+01
2.501421044593488929e+01
4.502290825377504291e+01
2.463559535918244947e+01
3.007475937103445673e+01
1.950490359675913155e+01
2.171655056960389274e+01
4.294147996383387067e+01
7.184219690894764199e+01
5.675030847362494058e+01
3.040615743768299595e+01
4.812145447206762583e+01
2.457783899816387319e+01
3.029992086895558501e+01
2.820503311436226568e+01
2.160477845071656944e+01
2.553537000518815603e+01
5.355087028478283173e+01
4.597573663444411807e+01
3.219071406300298577e+01
2.014655097691720087e+01
2.453448399125491974e+01
2.618449934267293244e+01
4.166163451798057338e+01
3.813394689086374001e+01
4.096255609721615087e+01
3.606653499891280035e+01
3.176988258360621487e+01
2.471392442948191714e+01
2.724228478210892845e+01
6.209025646791862130e+01
3.145992445875758037e+01
3.206356531628581763e+01
4.145850125272450271e+01
5.064900562314940657e+01
3.611321858777480998e+01
4.024073543898075656e+01
2.255365648212015017e+01
3.277197819847621929e+01
2.498120070102469725e+01
3.546878284919261404e+01
2.922340520474623915e+01
3.019166559405847394e+01
2.653292461666088187e+01
1.865036620990633054e+01
1.991841269707957096e+01
4.605956516375805165e+01
4.246462494536065435e+01
2.539220003414256155e+01
3.280335287322749593e+01
2.028086899383160713e+01
2.065791731560441136e+01
3.221392530155655010e+01
2.383290185006718076e+01
5.903499788518831082e+01
3.772583871719600523e+01
1.950044966362776577e+01
5.991450505167465224e+01
5.117066280566906045e+00
3.919350578654240991e+01
5.897230128557289675e+01
2.403999503929445325e+01
2.588377425083454497e+01
3.339807417078666418e+01
2.714125564046302230e+01
1.672657843609627903e+01
2.726532807241286704e+01
3.528392403591642079e+01
2.626939033066715723e+01
4.550444102676949854e+01
1.644123349564948100e+01
3.069321062396629074e+01
3.419635051757998667e+01
3.650121501249208933e+01
4.194911831106583833e+01
1.855671844783761415e+01
6.673875743834253171e+01
2.572170941906754749e+01
3.762113808246141389e+01
2.020604068403114084e+01
3.330151335446524286e+01
1.996386678097879397e+01
3.158367537320933494e+01
2.277785348320670877e+01
2.332297366211294332e+01
4.163131944022661912e+01
6.912386273334118414e+01
4.114298076172178753e+01
3.993401889974938967e+01
2.332522009718906375e+01
3.185873906134080613e+01
5.340001142455502503e+01
5.519697903890309476e+01
7.937384436142848188e+01
3.673657765211868309e+01
4.735760970998715891e+01
2.050514537718525432e+01
4.697769402518933646e+01
5.198429334789986456e+01
2.083139477507264559e+01
2.902731273085566244e+01
1.198718354019928967e+01
3.227065265751424761e+01
4.179502852292517900e+01
4.209795844772959583e+01
4.720347765695743192e+01
1.665747149339289379e+01
6.832999518743453393e+01
4.110008349981968934e+01
2.991613718013803691e+01
2.289145839894738188e+01
1.444670084606710425e+01
4.251360166749596203e+01
2.833987145586404566e+01
2.444687787101996079e+01
3.886064979814150888e+01
3.914572736175253453e+01
3.530219310788380938e+01
2.997392236965605861e+01
3.813161874759343561e+01
3.094070960736511822e+01
2.480437219802515258e+01
3.733752704032097824e+01
