2.451050309760885781e+01
6.134906333401315237e+01
4.830284407601871521e+01
2.082374095368171751e+01
3.112424624080718871e+01
3.577634544452759258e+01
4.357679998625098960e+01
4.123357449009417053e+01
2.271179966774688452e+01
5.711651072119334316e+01
4.087854333494955483e+01
3.566836774930779086e+01
2.971993463206938912e+01
2.652988965211785199e+01
3.859262647335748397e+01
6.255845614587592252e+01
1.920216356583669892e+01
3.722224698083981309e+01
2.843978769460976963e+01
3.379745354928519419e+01
3.363555751255316295e+01
2.916387882984236768e+01
4.538183641462240558e+01
5.425620554765250958e+00
3.192666860739017665e+01
2.377476458465420706e+01
6.117819105710070460e+01
2.789889885023618987e+01
1.895645561863140216e+01
3.682431712398126677e+01
4.131269577653780090e+01
5.613319887040219669e+01
4.236331324241682239e+01
8.442395223791120173e+00
2.640932415822653567e+01
4.428789451209222960e+00
2.422480926099979825e+01
1.876391604343848840e+01
2.396614097123146792e+01
2.099083026543626573e+01
3.026868544578682929e+01
3.313817225144686063e+01
3.920717591931151702e+01
3.260453645194242966e+01
2.465643508217639379e+01
5.209126126252378697e+01
3.863760990930732220e+01
2.333826140720339737e+01
1.996660069857085773e+01
3.506932103810831336e+01
3.463603348368458512e+01
2.719086807767629210e+01
2.712556865045922905e+01
4.287985781282761621e+01
6.157375192106269424e+01
3.903263806388540047e+01
3.028361582748069480e+01
4.711611968263011363e+01
2.397627067116685140e+01
3.881753668961081871e+01
4.824575581997625306e+01
2.463689485152330860e+01
4.344606337181313194e+01
3.581197506369754535e+01
5.492392863471255282e+01
3.684423460045564980e+01
3.097101581720875885e+01
2.950026137651798308e+01
4.176930098597010499e+01
5.318003216757840335e+01
2.743958620403406456e+01
2.817254839993324111e+01
2.213651723488666079e+01
2.463613434566257965e+01
3.075765988491282954e+01
5.395062197366394585e+00
2.414315220649724836e+01
3.414877203254731342e+01
3.136059519695093201e+01
5.844945256338127137e+01
3.161781799913378421e+01
2.159568568846056280e+01
3.193006855968826230e+01
2.358493194394790748e+01
4.402593145678399367e+01
3.983059162597169234e+01
3.488367304007984160e+01
6.885482883434463020e+01
2.511799250073202217e+01
3.114942471700088333e+01
7.128212616606077745e+01
1.944787331633769512e+01
4.513207472884431581e+01
3.613150324824574255e+01
2.434950853645594293e+01
2.734158575916428546e+01
6.286292316155536497e+01
6.460697471581262619e+01
2.590012094776488638e+01
1.212772218699107185e+01
3.230524737539997915e+01
5.318265735557975660e+01
4.209221720799041577e+01
3.018653254721275658e+01
3.242943533502576514e+01
4.271240870607142881e+01
3.475601321079032147e+01
2.798874035045458442e+01
3.091906894286455554e+01
1.185754449995309123e+01
2.590050668014361435e+01
3.209296918900803064e+01
6.708609729641125341e+00
2.800119880373706138e+01
2.812873809942615111e+01
2.245117646764044395e+01
3.767441553491430284e+01
3.055932943148052061e+01
1.112061231895086877e+01
6.671332113501880201e+01
5.568110756424225372e+01
4.311441272332448449e+01
2.201298683493401143e+01
4.340718052162174700e+01
2.389614072727221838e+01
3.866305251163338141e+01
4.233910298309034204e+01
3.544517840295490885e+01
3.320054064743698063e+01
2.819835038928496118e+01
4.867116373850839750e+01
2.633284196343590011e+01
5.113464537790959241e+01
6.976405657858079223e+01
3.447104129814691476e+01
2.310204942668676864e+01
3.565891690455814000e+01
4.767624006207490339e+01
2.570461340099029712e+01
3.577033466451143084e+01
1.882838907559415276e+01
4.503058080050158729e+00
2.843160953942555835e+01
2.863710388450231648e+01
2.954666702447018878e+01
8.131516671749739800e+00
4.218114584806638589e+01
3.556046105450146655e+01
3.762731414332768054e+01
5.261378872198193335e+01
3.127558398511685667e+01
3.750911965174133655e+01
3.008436971838764151e+01
2.899402358499597199e+01
3.890416581804971941e+01
3.256410415403442471e+01
6.678390490164892412e+01
2.761156997544194880e+01
4.657047638862914596e+01
6.309788757511680046e+01
1.961312586434181426e+01
3.515414033118993586e+01
5.368661441303549964e+01
6.959372986450431142e+01
2.068231807075791551e+01
5.651056208816336834e+01
6.494778999451908419e+01
4.282596721884250002e+01
3.141530805238484092e+01
5.754401929535957549e+01
2.281053330005579838e+01
2.294878004431572904e+01
2.217639283376114889e+01
4.053949033119879175e+01
4.864951448124944733e+01
2.244241947697375039e+01
5.648115085006859459e+01
2.216121440410528720e+01
1.931925411754992439e+01
4.526004379269721767e+00
2.952040512112557380e+01
5.954316627004479301e+01
4.246863466075214433e+01
3.151049910519249408e+01
2.749929534565550782e+01
4.262868649420687461e+01
4.277796324762094571e+01
1.581501120395871318e+00
2.567467917121169663e+01
4.141372211008979320e+01
2.672252049952693298e+01
2.636701026815782001e+01
4.120156962472552209e+01
7.246999626979427944e+01
4.376240359929812485e+01
6.972199381556478670e+01
1.579940374460106334e+01
5.401541366554131685e+01
2.836845981187172683e+01
2.955294122613956631e+01
4.290405123808360344e+01
2.888768139442695215e+01
2.652498505965170494e+01
2.830053976239515379e+01
2.643403352818589980e+01
2.008067752995362198e+01
2.586633661338936818e+01
1.882518562553083896e+01
2.427211482353000349e+01
2.759112724658511695e+01
4.019370998891611180e+01
5.399365703696182095e+01
3.540798618919994567e+01
2.531519993310812566e+01
4.322555613180129086e+01
3.791597495528932171e+01
3.839682221696192954e+01
5.008841952274434561e+01
2.888718802604803670e+01
2.343915433994816411e+01
1.275067577029729904e+01
4.874079196886039256e+01
3.458039467551419932e+01
3.780944647889583621e+01
3.269823365085490963e+01
3.821958845344387612e+01
3.475850650618222915e+01
2.491337247502353591e+01
5.310919295162088360e+01
4.094571454974157376e+01
3.086443943610852969e+01
2.707794506513354804e+01
3.442825775858185011e+01
2.606175082468705284e+01
2.207446015095264968e+01
3.604318010815102014e+01
4.716175719069219952e+01
2.877640638526625594e+01
2.688472782756254276e+01
4.076353552106392186e+01
2.977798679579300511e+01
1.796391535912261617e+01
4.139053295390034748e+01
2.527911920483741426e+01
2.330141172158290885e+01
3.591853503666453662e+01
3.420084270055559728e+01
3.950294792622149487e+01
3.554598649585882697e+01
2.581674778774292278e+01
3.717275951710233528e+01
1.903021931404681766e+01
2.369047152468749573e+01
5.367175397235654088e+01
3.807102418602453753e+01
2.599024320994915627e+01
3.363735073776133078e+01
1.561464349960732534e+01
3.236666263243003527e+01
2.104892764456161558e+01
2.420044794104352093e+01
3.724042737508168699e+01
3.435211976548932000e+01
2.559301328432577805e+01
2.253843620733950459e+01
3.897453708718394694e+01
2.433449973082635154e+01
5.489918934415959484e+01
6.155874338499481269e+01
5.805200365067157264e+01
2.476488127807810713e+01
2.610578646927778834e+01
4.323820738386433504e+01
2.223926863166464329e+01
3.748976496677494907e+01
9.135451142624850362e+00
2.826483275253337268e+01
3.631824417736697796e+01
5.241428694806788258e+01
2.646088937206719649e+01
3.782561298312872822e+01
5.237451681849057650e+01
3.363011256659723358e+01
1.738101474143306735e+00
4.014987324257997159e+01
2.660519263061581796e+01
2.267457223026070068e+01
2.915920797868230352e+01
5.957930077759966991e+01
3.928323521801335261e+01
3.087343353891499120e+01
3.706392490904916315e+01
5.024741840833500817e+01
2.728742004461018666e+01
2.679298163955478884e+01
4.930397236587764098e+01
3.630332059939706824e+01
4.166674433356850216e+01
2.700132372378644874e+01
1.929018894697471964e+01
2.102679864525524067e+01
3.282664949566030543e+01
3.954247410482906133e+01
3.728905051398182025e+01
2.329159556856095747e+01
4.519864996390532497e+01
2.873090269988397338e+01
2.748519247130201393e+01
3.597385892276821551e+01
2.699567233206536798e+01
2.264227571046172116e+01
2.704779278549462518e+01
4.785228647028853999e+01
5.232330249016021639e+01
2.643856778753938386e+01
3.088354009744482909e+01
2.480574217141062832e+01
2.821781884197259416e+01
5.256145251288815246e+01
6.518608415094955433e+01
2.929599775305945286e+01
2.636107065777231995e+01
6.003167211099118106e+00
3.732111918959179775e+01
4.874432530057661950e+01
2.717343297103821698e+01
7.478027650049413921e+01
5.088289736795172757e+01
3.231737667596200225e+01
3.398512619421511260e+01
3.035116276514407829e+01
5.904274231055836708e+01
4.127829552359563792e+01
3.910322291671312200e+01
5.972081342502496426e+01
4.465487826148793715e+01
5.608294867962302277e+01
2.925056955310763840e+01
4.224573439298258393e+01
5.944113132545332689e+01
2.701425838904004451e+01
2.682351513026993572e+01
5.926056240940823727e+01
3.022126628240556556e+01
2.606115060410060025e+01
3.070160821231066706e+01
2.120969012972599188e+01
5.382962916374928852e+01
2.960424317213494305e+01
3.280059982375394867e+01
4.364585575645450888e+01
2.372864585718827257e+01
3.413072351552703765e+01
4.345617142770024088e+01
2.707119358159068412e+01
2.323702542898216805e+01
2.703588870859775639e+01
2.398801117064990773e+00
3.554554532760644747e+01
4.868736763634684905e+01
2.706427883335817697e+01
3.204290777177543248e+01
2.610541236258604414e+01
4.096920895400883467e+01
4.343976259867683609e+01
2.508537523316060813e+01
5.306373274774959725e+01
2.711044350977236661e+01
2.747592014317794451e+01
5.537261552745709992e+01
1.704496409052855199e+01
3.755224740427695451e+01
1.857235572571425308e+01
2.549935563446059916e+01
3.319384022329495476e+00
3.499208981536732921e+01
8.680862260813821507e+00
3.489772440995696456e+01
2.392836492296824247e+01
5.268126310879777918e+01
2.422947765265626430e+01
3.133139849683830747e+01
1.980834771880864764e+01
2.235576004953623297e+01
4.373670442649743961e+01
6.342459909058911194e+01
5.308886926040669607e+01
2.706229797647652902e+01
4.371541397168142140e+01
2.438791165154150775e+01
3.199289449457754841e+01
2.627137507945174733e+01
2.075211734807642472e+01
2.548921893499160873e+01
5.171362048864278194e+01
6.512956920656924353e+01
5.630756259650128470e+01
2.153711374319504301e+01
2.437345791611546275e+01
2.733137210439461739e+01
4.310121636945418544e+01
3.954723620646963411e+01
4.349431161953589964e+01
3.999564574062658551e+01
3.180877896810299887e+01
2.422730530573047147e+01
2.727729452832937085e+01
6.051994443963770465e+01
2.821344490757561374e+01
3.141084196778815141e+01
4.260181631593911078e+01
4.610000590031133072e+01
3.786081436270923462e+01
5.054382076729852002e+01
2.048071279825253299e+01
2.915415826942416544e+01
2.537022888424308675e+01
3.490340304580553266e+01
2.738417170918492616e+01
2.865838778869203196e+01
2.588963253607116499e+01
2.011891151503233743e+01
2.148960905333217752e+01
4.525344929534523430e+01
4.585750932280214442e+01
2.624375390640720340e+01
2.859397478498695833e+01
2.023297184202424503e+01
2.061827769426804480e+01
3.055196461820285947e+01
2.498860348688369726e+01
5.394791420325253029e+01
3.737271098527644853e+01
1.730631001275273206e+01
5.595544875386453754e+01
6.695761751924685257e+00
3.866395675492934458e+01
6.161390099454783353e+01
2.391664058538945170e+01
2.505761429428408960e+01
3.735989539246302371e+01
2.725151404233999131e+01
2.978512101129249245e+00
2.686587535460999021e+01
3.387125833525242058e+01
2.663273934170464941e+01
4.563974938993393238e+01
8.042044881463020545e+00
2.895398496975309754e+01
3.118294983693036926e+01
3.448442591725683570e+01
4.769158999747700989e+01
1.468606796054968910e+01
6.449797872012089783e+01
2.446321564806994076e+01
3.828765068102620717e+01
2.064171786538045694e+01
3.109904222248517414e+01
1.893371563441961314e+01
3.189612482632910684e+01
2.369967980319654544e+01
2.578069865444881614e+01
4.457909196017956788e+01
6.741428702894749847e+01
3.916161265651027179e+01
4.499392433609577324e+01
2.579241631164600079e+01
3.304962431258451261e+01
4.837684211891640018e+01
5.575326118357389049e+01
7.238385333546507638e+01
3.726212738195027185e+01
4.846274046336191077e+01
1.976193213117256420e+01
4.487031102406163541e+01
5.162065990896596190e+01
2.045328217898912726e+01
2.962847966466901539e+01
1.512303704490258127e+01
3.289475858946497056e+01
4.185323193900265437e+01
4.535733784901650978e+01
4.412792112058609462e+01
1.816413465554174422e+01
6.955588977232858383e+01
5.247714430542573183e+01
2.948999157229290802e+01
2.391809217006861843e+01
1.646195640025083762e+01
4.203158031650002613e+01
3.028115379375040561e+01
2.379031972218237101e+01
3.788153865009314814e+01
3.945209203690249922e+01
3.444601553832429630e+01
3.249635287239155446e+01
3.525951323985631092e+01
3.252574625484887605e+01
2.585976646183853944e+01
3.698420984131615796e+01
