2.551687050787889177e+01
6.124368421245262084e+01
5.077903314243401667e+01
2.117792284145684079e+01
3.090236531806127829e+01
3.528523232598215031e+01
4.911728281391333439e+01
4.071832000432961252e+01
2.217682965736301526e+01
5.725754028481359370e+01
3.908622539175978261e+01
3.500482443580249026e+01
2.912768055957833013e+01
2.671932481082320621e+01
3.879694840262238387e+01
6.131921617962449744e+01
1.997427500605923711e+01
3.703459721646286340e+01
2.787940434063964901e+01
3.426781842203803308e+01
3.374661726999712386e+01
3.017682669376830518e+01
3.103787050094433653e+01
5.993673111425717792e+00
3.324038069128539519e+01
2.411377958965291057e+01
5.976829973848774813e+01
2.693314700820703678e+01
1.888617008831965194e+01
3.706154074259256959e+01
4.096433070193300807e+01
5.735394071777986369e+01
4.210016755478375217e+01
8.551886672978946891e+00
2.632749513833432431e+01
5.214472063699290061e+00
2.463277170377974556e+01
1.764826847864383552e+01
2.411235686040679127e+01
2.231280975164125024e+01
2.932851175137513877e+01
3.188697860410813689e+01
3.845871440021904419e+01
3.004677564479889540e+01
2.551109389741233713e+01
5.133703292641210680e+01
3.847790448895426607e+01
2.333484934682974909e+01
1.967566321249760009e+01
3.573252437816428539e+01
3.641361852665085053e+01
2.738208545204485489e+01
2.756700475274847406e+01
4.207008183380889932e+01
6.026573130349537166e+01
3.856927611314007009e+01
3.015823160878463227e+01
4.823134732768988897e+01
2.411943214286088022e+01
3.786387766484624251e+01
4.693426290594123884e+01
2.402032630265804158e+01
4.395056184208806371e+01
3.648969466688005525e+01
5.549289867368435125e+01
3.740678500572406051e+01
3.009957230237466419e+01
2.949725052899479039e+01
4.069712415107668591e+01
5.464049900298226703e+01
2.726477936249497347e+01
2.762283320958260902e+01
2.199862715034711869e+01
2.438265059756514574e+01
3.032906267382162113e+01
4.798112028650830752e+00
2.372478929048146767e+01
3.638138414951754385e+01
3.037738530354655353e+01
5.790984483447247300e+01
3.136478123854474376e+01
2.175042172618753611e+01
3.231831748706804319e+01
2.342230043285928076e+01
4.231810385365788818e+01
3.958427394653865861e+01
3.642230335070883740e+01
7.035260442655371094e+01
2.583510344203034492e+01
3.078677859977959841e+01
7.218604205166302279e+01
1.923634519440838631e+01
4.462566865936389604e+01
3.574036184133140637e+01
2.418405087923068209e+01
2.759574437570814354e+01
6.206775225747196600e+01
6.299096002455817711e+01
2.599925476698926730e+01
1.175804842214163770e+01
3.005691734699992423e+01
5.433896477125512803e+01
4.239956226418713925e+01
2.922272578922003916e+01
3.149564922278031531e+01
4.254003092013154230e+01
3.519311791728927119e+01
2.776625628211547792e+01
3.215797267539778659e+01
1.444402226950046497e+01
2.575642881922721017e+01
3.260934150846170354e+01
6.352133110695214135e+00
2.950935711863960620e+01
2.613544844540001577e+01
2.430536311554735107e+01
3.688368791221114407e+01
3.001575418906709203e+01
1.069417700446143904e+01
6.381651262060586305e+01
5.486138915122933213e+01
4.172558593589975118e+01
2.240421845562186576e+01
4.340480701187914292e+01
2.419707334189353531e+01
3.731455689943781096e+01
4.100027894728332001e+01
3.508670314556276537e+01
3.367122557980655984e+01
2.726224609678259370e+01
4.624149485474914911e+01
2.631448515176474956e+01
5.242510497706021511e+01
6.993461762249116020e+01
3.469675949031296369e+01
2.326877846831084895e+01
3.498241926096379473e+01
5.011494728977845625e+01
2.465488365935016191e+01
3.574145586727734525e+01
2.508818989276187494e+01
4.327578064013776427e+00
2.850719019260908738e+01
2.781430177425652062e+01
2.783900911981690740e+01
9.335152071611023672e+00
4.189691847092571209e+01
3.481420640078613360e+01
3.763986708542449833e+01
5.326695601964559046e+01
3.087536515881600963e+01
3.617008472627276205e+01
3.057695141295386065e+01
2.752917240596750048e+01
3.766708963275191735e+01
3.391652347993860417e+01
6.756014009315575208e+01
2.787932555595122608e+01
4.463158482111263226e+01
6.190096230668789445e+01
2.015534371966742810e+01
3.530769362784803889e+01
5.489409469265632424e+01
6.866128941211292158e+01
2.195206502010114491e+01
5.594349052250873910e+01
6.366433358208536930e+01
4.092130425177072084e+01
3.110464911884029249e+01
5.797852105406232681e+01
2.660927337765679113e+01
2.316844771404738879e+01
2.262905989934013462e+01
3.928020137964734460e+01
4.930594739949825822e+01
2.179296748524106420e+01
5.715265404727595921e+01
2.214075729167309703e+01
1.961897438909122826e+01
4.110260776018245465e+00
3.006965513919774935e+01
5.918960651855059041e+01
4.211320772454202199e+01
3.128235999094383502e+01
2.657587787564110471e+01
4.155366652529663440e+01
4.233001904257517367e+01
2.965929585220326903e+00
2.579740897284264989e+01
4.185685470788767759e+01
2.717021516575974971e+01
2.595740222896051819e+01
3.869123278373061225e+01
7.346266581972537324e+01
4.492549163343116447e+01
7.293480091065586635e+01
3.844153937016380951e+01
5.434524758858658089e+01
2.802482054249186660e+01
2.885647366533173397e+01
4.144426745214641983e+01
2.897940225861271202e+01
2.655830244809382279e+01
2.749911088137700688e+01
2.634246041002979766e+01
2.048374872043596895e+01
2.648005553145328861e+01
1.918264416898664493e+01
2.338613190595733116e+01
2.720161149747884011e+01
3.598927121795713902e+01
4.958147744700545445e+01
3.547557527571586888e+01
2.535343029110481794e+01
4.274582032812253374e+01
3.697186529153704981e+01
3.933564221425994845e+01
5.108783592751264280e+01
2.846717073449045543e+01
2.315218476549712889e+01
1.376392314980852660e+01
4.895964106442194463e+01
3.513992534286174418e+01
3.779631213264272560e+01
3.173070681183555308e+01
3.841415540086700275e+01
3.376646830478452443e+01
2.491133503709029640e+01
5.546275171003091486e+01
4.103081250367540633e+01
3.033206179505977573e+01
2.620758551797617031e+01
3.487532279848628747e+01
2.509046495876709315e+01
2.167871649558733793e+01
3.652327970934689461e+01
4.370637995827382838e+01
2.856092807217626373e+01
2.627128481809635119e+01
3.930506313055298762e+01
2.934252132166417937e+01
1.894107384602369848e+01
4.090735151209091214e+01
2.491450524617833651e+01
2.332537518880977601e+01
3.657068219534706088e+01
3.429664682812667564e+01
3.945715875649329973e+01
3.597382534782956753e+01
2.485344826581272670e+01
3.496934840818237689e+01
1.988755335038927541e+01
2.370729523843629849e+01
5.385560791658275548e+01
3.832741706844104357e+01
2.592227172249693012e+01
3.421597002174654278e+01
1.781360498140875848e+01
3.282244923331795405e+01
3.565434422062025988e+01
2.407458180789659963e+01
3.717032919389322387e+01
3.424890480311805163e+01
2.551034603525528155e+01
2.434637123878576759e+01
3.787731791939213366e+01
2.385841438869408648e+01
5.676821602175441228e+01
5.839271728236019499e+01
5.769408349690248627e+01
2.479010796385679782e+01
2.570758174376485528e+01
4.041221124761718642e+01
2.252971607593245906e+01
3.732218625292198766e+01
9.218213189847341837e+00
2.733356105755476406e+01
3.557544857581053321e+01
5.412863502634165513e+01
2.594784098750495360e+01
3.799326203939995139e+01
5.150540083734834695e+01
3.458217568785403273e+01
1.127774659413471658e+00
3.988767828229299539e+01
2.602846398779092141e+01
2.476516268804653009e+01
2.870578978766346978e+01
5.981418394007175721e+01
3.826152608195744165e+01
2.993343515368412255e+01
3.694494691301646583e+01
4.829614630239275641e+01
2.697829943088721194e+01
2.607522354270713549e+01
4.899402020860381413e+01
3.679561012266117359e+01
4.024331937095334411e+01
2.637710785246166267e+01
1.912711204964308109e+01
2.172082402776563015e+01
3.374737918223536326e+01
5.104251762316482655e+01
3.548092369711976346e+01
2.419849477762096512e+01
4.567958976443611618e+01
2.859989242203812765e+01
2.685788487413081427e+01
3.563934975621904755e+01
2.608448332312527640e+01
2.306911442442462601e+01
2.646946928209365524e+01
4.630266848740271257e+01
5.278220285467335771e+01
2.607046406440984754e+01
3.027911581293907517e+01
2.505951867764660435e+01
2.795563501125742789e+01
5.386993544115766497e+01
6.690239862272346727e+01
2.894842578975175584e+01
2.604515376978460139e+01
5.037207316640151866e+00
3.717147340017447732e+01
4.859323430164352686e+01
2.679585415882737820e+01
7.518676362346383257e+01
5.248108849919186270e+01
3.225403732618808306e+01
3.346718440709732079e+01
3.012252383185076354e+01
5.938682340838824558e+01
4.056380555549301903e+01
3.840697704241095778e+01
5.788978977187021258e+01
4.623043883238746332e+01
5.593180917032090349e+01
2.873253608862351882e+01
4.264156681943563854e+01
5.922708536658588230e+01
2.669489594106456920e+01
2.598347244493467656e+01
5.499966704926853822e+01
3.016515370730112267e+01
2.618969982820720332e+01
2.972715776277133060e+01
2.097644430540693250e+01
5.549127675229557610e+01
2.887058010692810939e+01
3.308435357913880637e+01
4.337122679861300156e+01
2.529656722632802257e+01
3.492274188000253332e+01
4.224450801565109970e+01
2.652227407879761500e+01
2.384354856343745155e+01
2.637528752264895360e+01
3.587315193374769340e+00
3.469695092115922108e+01
4.866662266219370991e+01
2.598421253351446225e+01
3.231994782925717402e+01
2.561709853322880548e+01
3.974922463266020856e+01
4.249655583435068706e+01
2.477019835965446504e+01
5.419696174290361768e+01
2.717289842820697743e+01
2.701790573157936137e+01
5.587062805747433458e+01
1.895131169523702397e+01
3.685519715433929377e+01
1.887826833223767409e+01
2.546826148273592949e+01
3.917134301389400441e+00
3.480493731257055856e+01
3.992644163643853972e+01
3.520589413157779290e+01
2.381559631169985991e+01
4.931925919138677727e+01
2.428929113533975581e+01
3.103960583414461638e+01
1.926196295858468943e+01
2.264569811102955654e+01
4.355474745090360500e+01
6.219485167315224317e+01
5.433041330588094553e+01
3.999050229495333042e+01
4.380714074005173586e+01
2.441550184181640049e+01
3.131913020664717706e+01
2.618125316022219806e+01
2.098899039701456815e+01
2.579734286851643077e+01
4.998686661432526535e+01
6.645448006713759526e+01
4.854386579140555114e+01
2.122343695183276679e+01
2.443912585401187343e+01
2.591908261629578902e+01
4.232825379084619755e+01
3.948650180695189960e+01
4.168782945805037343e+01
3.971894606176928733e+01
3.191399546001719045e+01
2.310768274240879805e+01
2.699679173484336658e+01
6.019273665895494219e+01
2.816059715499271121e+01
3.079823728894963608e+01
4.125550898035963598e+01
4.662006841408992841e+01
3.720493105318726634e+01
4.389882118525110855e+01
2.025423578935842883e+01
2.899953707572843342e+01
2.599130794859956950e+01
3.385671422395792263e+01
2.690721651444048845e+01
2.854297523745554699e+01
2.582421549832617913e+01
2.035435535167670906e+01
2.134169476517454456e+01
4.541718756334458362e+01
4.572653398338833597e+01
2.550332883790456151e+01
2.908336295988814868e+01
2.094143461985735044e+01
2.063680530114171319e+01
3.090753076540465827e+01
2.540060762065494160e+01
5.541376672238527590e+01
3.711382313910588238e+01
1.907280542946972446e+01
5.646638130758324792e+01
6.652652680169438781e+00
3.897868627481182102e+01
6.093467161219135164e+01
2.376655558668040058e+01
2.488279750586393391e+01
3.614397410007094891e+01
2.691040950442910074e+01
5.326993277639758162e+00
2.666397109149254163e+01
3.551738883515989187e+01
2.645338537196636963e+01
4.432964219386722959e+01
1.151764167732011401e+01
2.859234281093817032e+01
3.079891865927816141e+01
3.480896748567441534e+01
4.682813616232032672e+01
1.893190425452814907e+01
6.284798671447106955e+01
2.467671549827976563e+01
3.839858450789603239e+01
2.078774095935325761e+01
3.147005439537246474e+01
2.247867794359087412e+01
3.136078533711233263e+01
2.369438471957328574e+01
2.551765313177894612e+01
4.303028122326616511e+01
6.877199740678065609e+01
3.848113022405222239e+01
4.387163122334159482e+01
2.567959037674031819e+01
3.259619270737678676e+01
4.990733113829465140e+01
5.589516378672921348e+01
7.248424890702939649e+01
3.696378835879980329e+01
4.908319171486545685e+01
1.962596803838055592e+01
4.501400138609990620e+01
5.269233689792154252e+01
2.009922620137876947e+01
2.904455723515852483e+01
1.520561995142248435e+01
3.273212992452053527e+01
4.028328406684469343e+01
4.339600083112674156e+01
4.479830514778835493e+01
1.854597705160452392e+01
7.103461931829502873e+01
5.110572152332042606e+01
2.954432301944185824e+01
2.284376232962540598e+01
1.604024645549048955e+01
4.070960312440910656e+01
3.017272599956049817e+01
2.401700203779027376e+01
3.748700917715663650e+01
3.869005131592557944e+01
3.473007963106930163e+01
3.251992083551294854e+01
3.600644089213586341e+01
3.178490420700701691e+01
2.539978471345433775e+01
3.772299502423885542e+01
